X1 = -2239910.5146211335
X2 = -17.520077378294843
X3 = 22.46334123552319
X4 = 1.9087733672288154
